%naloga 3 - STATISTIKA

podatki = [38.026635
409.44521
272.46339
98.674526
87.858008
79.839594
211.38774
99.328294
181.32278
103.85056
289.03848
60.220781
9.5492061
10.682739
219.67432
38.892433
19.737646
98.895285
31.915858
9.0454079
49.16489
207.92758
131.2097
427.45486
289.40575
74.21662
258.64396
75.516055
64.626811
98.6175
70.789787
28.359048
66.155011
34.918174
195.0996
350.66842
88.725827
27.228545
176.0963
466.02268
59.789591
150.04998
68.526648
248.71138
76.777245
126.25045
145.45021
461.75301
20.897903
31.534103
61.966965
30.257761
80.132211
84.883292
8.2431548
96.99216
105.47505
176.77242
3.1275702
13.272418
149.13845
6.2973895
229.05033
10.793705
452.61329
49.476954
13.668153
28.95411
35.002081
222.75701
5.8196732
7.8952314
221.30366
142.65093
125.18792
48.689146
23.39157
323.57304
71.584942
82.246394
21.052144
73.956697
56.40809
82.467402
30.530223
24.245563
65.586213
433.47996
89.612516
88.302912
180.01434
323.46286
9.8841716
64.569856
64.174814
140.05694
34.006384
250.11135
216.26351
151.4675
120.5633
92.233054
130.85264
63.134763
54.844365
28.723851
136.64498
26.218433
380.6715
359.49313
471.15715
33.734099
45.451213
144.97993
13.70365
58.215493
15.027741
129.51926
24.039012
49.129807
3.5370531
34.827706
107.03227
109.20147
27.069136
532.47813
23.681391
39.800239
13.37573
44.547959
118.17604
155.55991
252.2274
54.1581
345.0964
45.406192
108.94489
1.353892
122.84092
51.159104
489.39632
55.488291
18.379202
74.514173
101.10282
311.23802
8.2432044
24.874843
145.43105
306.70277
33.366183
374.87654
170.62708
47.024325
36.797987
47.654735
129.61184
65.283772
192.68201
319.96178
1.1595831
34.937909
18.88031
13.912793
13.633603
21.70079
347.3413
39.674732
198.6775
29.230486
100.50848
254.431
5.4169455
105.31262
10.774058
199.42454
72.62057
25.373388
37.292719
146.64556
59.29811
135.1212
51.873098
81.754983
3.3237982
106.96286
88.790947
81.350401
20.477799
25.211233
9.8648561
107.88221
61.54025
75.431553
20.873976
153.27391
188.22628
19.996583
2.8607111
6.4012958
1.6758571
93.671957
43.505064
195.65717
91.736729
86.448379
288.05376
89.963053
157.66267
0.49176097
45.591087
174.61944
205.74754
59.325465
70.075856
118.24522
136.46639
189.5981
41.12841
1.7550623
92.987407
267.59813
30.44689
222.2664
155.03077
194.42533
209.96401
34.229297
154.26092
138.90956
137.91217
8.5719875
260.62639
2.5190947
137.53096
39.360197
89.67429
50.194065
1.2618734
86.47552
65.4441
238.58149
66.532748
153.55161
14.507594
30.316763
81.872363
63.300715
78.592959
22.333439
149.46011
12.169382
52.971706
79.686305
75.60362
1.6552509
52.242867
12.518
66.102154
23.553956
19.319499
81.400107
63.49256
142.11481
36.711946
80.444729
0.57625592
2.2519311
59.810725
48.573973
7.3924876
74.35297
69.035761
66.481411
10.200647
21.414963
119.7616
58.808171
22.06755
19.389468
124.30214
262.45112
29.061718
3.9004049
1.1561306
59.721183
38.183554
7.0546758
144.8837
127.63794
21.791698
6.1490805
41.7148
143.16377
8.5354992
41.041082
149.38247
36.290342
34.259409
44.70496
211.43992
0.70933259
14.462554
113.8537
50.900759
61.802368
26.427969
229.57038
38.187682
151.06571
104.13329
172.31824
1.9739265
241.72424
22.587226
228.84073
219.4074
16.721147
7.3681444
28.06608
95.938155
168.46991
151.08701
87.986941
15.304922
126.04561
16.705555
96.365583
244.32018
72.835206
142.84658
32.295054
85.17427
26.867242
26.872348
36.503455
27.331836
131.74347
36.206633
13.590201
217.0317
35.74534
116.94659
57.066337
161.48692
26.829754
90.468701
42.323956
3.8073721
44.807389
24.128963
121.44173
92.45057
81.584388
31.229973
17.692901
7.1875089
29.633573
1.6182201
65.5973
2.7190189
20.942058
31.422197
44.417258
377.98822
66.834347
83.970902
187.91495
104.17764
37.809286
117.16633
78.614947
193.69159
76.05396
42.472945
13.618789
134.75174
144.45849
84.308842
5.3638183
26.686285
83.487811
57.952625
66.070028
85.051787
59.427646
6.1364986
21.854313
90.933533
69.71653
21.954068
23.228929
59.113868
17.939173
107.15203
92.999009
47.632322
23.949555
63.22166
297.22113
118.97838
96.997909
43.287259
157.54042
103.5119
29.402276
78.634678
87.946402
2.8189316
131.92828
40.839503
36.05946
75.003756
32.32198
29.301262
48.352787
220.1099
205.86163
16.559925
75.745381
42.595257
73.888215
29.656221
10.731823
21.07713
3.7889345
58.768224
48.181087
70.230926
42.626616
74.800351
69.029339
7.5520465
40.001963
24.937166
33.973984
30.806994
13.984119
35.250404
207.96907
10.098131
39.289973
27.809012
106.95134
7.3780941
59.254242
282.67103
24.253126
6.6612597
218.67872
21.035909
157.58593
26.827496
10.765802
153.17627
116.86768
89.25646
40.483316
63.342185
139.77583
54.542134
32.659431
11.18909
131.7631
147.00858
254.51623
7.2111531
33.474971
7.0693817
68.280311
75.944026
1.8704449
57.248743
35.089336
139.91838
41.015307
24.294188
189.81145
19.102319
48.341499
9.1976984
15.543442
29.678502
62.623286
14.726918
61.356604
21.751682
191.18994
130.15304
3.7139106
119.0113
73.946868
116.33673
105.07765
33.481931
73.45968
97.508453
105.56221
4.5268674
38.255227
57.564906
7.3685523
97.281065
24.670145
21.719162
10.647889
13.994212
38.30729
227.93362
9.1773427
148.73019
22.00741
79.662308
71.669252
13.505724
12.700929
226.2145
11.752318
15.359645
58.718435
1.8503233
75.791047
64.102515
64.521683
6.2099062
0.30201268
46.248696
41.290753
29.186767
18.725238
101.71559
35.245013
47.841074
145.31414
4.066409
144.13355
38.14443
73.406119
14.767374
53.78424
66.456853
60.497909
2.605973
248.02875
41.805031
48.760752
125.13109
124.9533
109.28381
101.49339
72.574945
44.689342
80.884024
150.36643
47.047396
63.070914
58.884231
96.50583
3.5068796
29.759586
38.778588
78.194813
39.36049
177.27784
57.748364
146.70028
39.896603
44.28372
59.059184
2.51401
164.70666
14.298194
72.242307
353.40143
205.82547
81.514224
15.176815
13.231825
251.6511
2.838974
59.89498
4.0708243
94.298479
100.04644
83.448984
36.54046
60.123085
16.763575
133.07043
165.19601
0.27498758
58.754155
4.9533294
7.3929735
12.723066
41.971813
22.953781
137.96667
21.986198
76.527215
10.489734
17.498659
22.355938
148.81895
30.576363
56.826612
15.171768
25.054535
220.37638
146.43345
35.146342
150.51033
106.16067
7.8231598
125.3602
413.82876
117.62022
22.394955
30.851868
46.557126
92.848218
44.996585
38.331196
167.128
6.6832269
130.54111
113.03844
158.46002
131.44129
64.558227
171.21045
120.31878
77.829016
28.184549
144.43608
6.3644639
111.13716
79.525491
55.867105
97.727423
106.04756
62.028404
80.960685
91.135329
138.20322
214.58338
167.19534
13.961197
20.43248
26.346781
109.27744
8.5506988
196.21177
73.058741
162.97454
473.27412
45.93922
150.74277
106.42964
128.70928
132.00831
150.01515
44.962638
20.636891
65.842842
121.82596
320.39577
16.958597
71.810118
34.093999
124.38984
105.98222
125.70469
301.21395
88.260342
81.023996
36.328686
48.738311
181.63985
94.752249
194.04442
67.266313
65.662695
140.43313
183.80078
19.234554
12.110845
39.211701
9.1144507
155.41057
24.375049
80.362047
188.59902
209.63431
22.279825
50.274208
169.70912
3.0518863
86.785028
7.5299792
172.78228
40.784019
20.250376
4.7931108
104.63198
28.94943
128.99497
26.78403
96.818254
108.97432
29.093847
26.452944
31.769081
62.471262
38.071723
34.495418
13.652243
86.221536
176.6939
261.95182
201.81986
31.014651
7.4309505
5.1957489
4.0408553
145.30054
18.994746
41.166427
27.324121
5.7890549
57.333117
58.580388
32.282804
52.857038
29.684073
3.2881851
171.59612
169.83434
100.3292
136.82809
71.480303
14.857408
99.615427
2.9669991
35.299454
143.36567
53.7719
14.779042
4.0503902
9.3038044
77.706139
103.29827
11.696214
99.940688
5.0304841
11.167508
134.51689
9.0036017
82.233799
46.053654
9.4011381
47.301441
358.89323
38.69411
124.84241
12.78437
12.092634
70.285478
163.39337
119.13988
78.629829
31.490702
143.16748
0.42706084
6.7225249
110.00165
14.577616
25.545622
24.947798
17.65751
14.705997
14.442906
121.19652
21.617836
71.220221
85.034576
10.239569
41.251263
139.63687
46.217458
193.78626
1.2773066
9.4198326
16.24016
4.578329
104.12443
10.110142
3.736846
272.1959
68.699199
212.0287
247.42564
91.850039
75.47427
40.415543
207.32958
